[4th.JPG]
filters=FocalZoom=1,0.471125,0.216535,51.947369,53.801167,0.000000,50.292397;radblur=1,0.471125,0.401575,1.000000,-1.000000;autocolor=1;autolight=1;enhance=1;autolight=1;Vignette=1,25.438599,1.508772,0.000000,00000000;
moddate=842e9010a6b8cf01
width=1023
height=526
textactive=0
[1st.jpg]
filters=glow2=1,0.818713,1.000000;Orton=1,25.730995,36.257309,26.315790;Vignette=1,10.526316,1.000000,0.000000,00000000;Comicize=1,0.000000,0.000000,80.701759;FocalZoom=1,0.501520,0.537402,10.263158,100.000000,0.000000,0.000000;
moddate=70306c40a5b8cf01
width=1022
height=526
textactive=0
[2nd.jpg]
filters=glow2=1,0.795322,1.000000;dir_tint=1,0.493414,0.445727,0.187135,0.801170,ffffffff,0;Lomo=1,0.000000,52.631580;Vignette=1,7.602339,1.502924,0.000000,00000000;
moddate=587ccecea5b8cf01
width=1030
height=452
textactive=0
[3rd.jpg]
filters=glow2=1,0.783626,1.000000;PicnikGrain=1,10.818713,0;warm=1;Lomo=1,100.000000,25.146198;enhance=1;autolight=1;autocolor=1;
moddate=dff867d7a6b8cf01
width=1024
height=504
textactive=0
