[welcome.JPG]
filters=glow2=1,0.000000,17.703152;Vignette=1,3.216374,2.000000,0.000000,00000000;Comicize=1,4.093567,99.415207,100.000000;
moddate=68813264a8b8cf01
width=305
height=166
textactive=0
